(kicad_pcb (version 20171130) (host pcbnew 5.1.10-8.fc35)

  (general
    (thickness 1.6)
    (drawings 37)
    (tracks 344)
    (zones 0)
    (modules 69)
    (nets 87)
  )

  (page A4)
  (layers
    (0 F.Cu signal)
    (1 In1.Cu signal)
    (2 In2.Cu signal)
    (31 B.Cu signal)
    (32 B.Adhes user hide)
    (33 F.Adhes user hide)
    (34 B.Paste user hide)
    (35 F.Paste user hide)
    (36 B.SilkS user hide)
    (37 F.SilkS user hide)
    (38 B.Mask user hide)
    (39 F.Mask user hide)
    (40 Dwgs.User user hide)
    (41 Cmts.User user hide)
    (42 Eco1.User user hide)
    (43 Eco2.User user hide)
    (44 Edge.Cuts user)
    (45 Margin user hide)
    (46 B.CrtYd user)
    (47 F.CrtYd user hide)
    (48 B.Fab user hide)
    (49 F.Fab user hide)
  )

  (setup
    (last_trace_width 0.25)
    (user_trace_width 0.254)
    (user_trace_width 0.3)
    (user_trace_width 0.4)
    (trace_clearance 0.2)
    (zone_clearance 0.25)
    (zone_45_only no)
    (trace_min 0.2)
    (via_size 0.8)
    (via_drill 0.4)
    (via_min_size 0.4)
    (via_min_drill 0.3)
    (user_via 0.6 0.3)
    (uvia_size 0.3)
    (uvia_drill 0.1)
    (uvias_allowed no)
    (uvia_min_size 0.2)
    (uvia_min_drill 0.1)
    (edge_width 0.1)
    (segment_width 0.2)
    (pcb_text_width 0.3)
    (pcb_text_size 1.5 1.5)
    (mod_edge_width 0.15)
    (mod_text_size 1 1)
    (mod_text_width 0.15)
    (pad_size 1.524 1.524)
    (pad_drill 0.762)
    (pad_to_mask_clearance 0)
    (aux_axis_origin 0 0)
    (visible_elements 7FFFFFFF)
    (pcbplotparams
      (layerselection 0x010fc_ffffffff)
      (usegerberextensions false)
      (usegerberattributes true)
      (usegerberadvancedattributes true)
      (creategerberjobfile true)
      (excludeedgelayer true)
      (linewidth 0.100000)
      (plotframeref false)
      (viasonmask false)
      (mode 1)
      (useauxorigin false)
      (hpglpennumber 1)
      (hpglpenspeed 20)
      (hpglpendiameter 15.000000)
      (psnegative false)
      (psa4output false)
      (plotreference true)
      (plotvalue true)
      (plotinvisibletext false)
      (padsonsilk false)
      (subtractmaskfromsilk false)
      (outputformat 1)
      (mirror false)
      (drillshape 1)
      (scaleselection 1)
      (outputdirectory ""))
  )

  (net 0 "")
  (net 1 GND)
  (net 2 /SCK)
  (net 3 /SEN)
  (net 4 /MISO)
  (net 5 /MOSI)
  (net 6 /AD0)
  (net 7 /AD3)
  (net 8 /IO6)
  (net 9 /IO7)
  (net 10 /+5V_Ard_2)
  (net 11 /+5V_Ard_0)
  (net 12 /IO2)
  (net 13 /IO3)
  (net 14 /IO4)
  (net 15 /IO5)
  (net 16 VDD)
  (net 17 "Net-(C10-Pad1)")
  (net 18 "Net-(L1-Pad2)")
  (net 19 "Net-(L2-Pad2)")
  (net 20 VCC)
  (net 21 "Net-(C2-Pad1)")
  (net 22 /Sheet61C59086/Fout)
  (net 23 "Net-(C12-Pad1)")
  (net 24 /sheet61E7139B/Fout)
  (net 25 "Net-(C17-Pad1)")
  (net 26 "Net-(C22-Pad1)")
  (net 27 "Net-(C22-Pad2)")
  (net 28 "Net-(C23-Pad2)")
  (net 29 /2.5V)
  (net 30 /1.25V)
  (net 31 /SS)
  (net 32 /IO9)
  (net 33 /IO8)
  (net 34 "Net-(J1-Pad1)")
  (net 35 "Net-(R2-Pad2)")
  (net 36 "Net-(R14-Pad1)")
  (net 37 "Net-(R14-Pad2)")
  (net 38 "Net-(R15-Pad1)")
  (net 39 "Net-(R15-Pad2)")
  (net 40 "Net-(R16-Pad2)")
  (net 41 "Net-(R17-Pad1)")
  (net 42 /SDO)
  (net 43 "Net-(R19-Pad1)")
  (net 44 /SDI)
  (net 45 "Net-(R21-Pad1)")
  (net 46 "Net-(R23-Pad1)")
  (net 47 /SEN3)
  (net 48 /SEN2)
  (net 49 /Sheet61C59086/MCLK)
  (net 50 "Net-(U3-Pad1)")
  (net 51 /SCLOCK)
  (net 52 /AD1)
  (net 53 /AD2)
  (net 54 /AD4)
  (net 55 /AD5)
  (net 56 /MISO2)
  (net 57 /+5V_Adr_3)
  (net 58 /SCK2)
  (net 59 /MOSI2)
  (net 60 /RESET2)
  (net 61 /RESET_0)
  (net 62 /MOSI_0)
  (net 63 /SCK_0)
  (net 64 /MISO_0)
  (net 65 /AREF)
  (net 66 /SDA)
  (net 67 /SCL)
  (net 68 /IO0)
  (net 69 /IO1)
  (net 70 "Net-(J2-Pad2)")
  (net 71 "Net-(J3-Pad2)")
  (net 72 "Net-(POWER1-Pad1)")
  (net 73 /RESET)
  (net 74 /+3V3)
  (net 75 /+5V_Ard_1)
  (net 76 /VIN)
  (net 77 "Net-(TR1-Pad2)")
  (net 78 "Net-(U2-Pad8)")
  (net 79 "Net-(U2-Pad7)")
  (net 80 "Net-(U3-Pad10)")
  (net 81 "Net-(U3-Pad9)")
  (net 82 "Net-(U5-Pad8)")
  (net 83 "Net-(U5-Pad7)")
  (net 84 "Net-(X1-Pad1)")
  (net 85 "Net-(U3-Pad18)")
  (net 86 "Net-(U3-Pad14)")

  (net_class Default "Ceci est la Netclass par défaut."
    (clearance 0.2)
    (trace_width 0.25)
    (via_dia 0.8)
    (via_drill 0.4)
    (uvia_dia 0.3)
    (uvia_drill 0.1)
    (diff_pair_width 0.3)
    (diff_pair_gap 0.25)
    (add_net /+3V3)
    (add_net /+5V_Adr_3)
    (add_net /+5V_Ard_0)
    (add_net /+5V_Ard_1)
    (add_net /+5V_Ard_2)
    (add_net /1.25V)
    (add_net /2.5V)
    (add_net /AD0)
    (add_net /AD1)
    (add_net /AD2)
    (add_net /AD3)
    (add_net /AD4)
    (add_net /AD5)
    (add_net /AREF)
    (add_net /IO0)
    (add_net /IO1)
    (add_net /IO2)
    (add_net /IO3)
    (add_net /IO4)
    (add_net /IO5)
    (add_net /IO6)
    (add_net /IO7)
    (add_net /IO8)
    (add_net /IO9)
    (add_net /MISO)
    (add_net /MISO2)
    (add_net /MISO_0)
    (add_net /MOSI)
    (add_net /MOSI2)
    (add_net /MOSI_0)
    (add_net /RESET)
    (add_net /RESET2)
    (add_net /RESET_0)
    (add_net /SCK)
    (add_net /SCK2)
    (add_net /SCK_0)
    (add_net /SCL)
    (add_net /SCLOCK)
    (add_net /SDA)
    (add_net /SDI)
    (add_net /SDO)
    (add_net /SEN)
    (add_net /SEN2)
    (add_net /SEN3)
    (add_net /SS)
    (add_net /Sheet61C59086/Fout)
    (add_net /Sheet61C59086/MCLK)
    (add_net /VIN)
    (add_net /sheet61E7139B/Fout)
    (add_net GND)
    (add_net "Net-(C10-Pad1)")
    (add_net "Net-(C12-Pad1)")
    (add_net "Net-(C17-Pad1)")
    (add_net "Net-(C2-Pad1)")
    (add_net "Net-(C22-Pad1)")
    (add_net "Net-(C22-Pad2)")
    (add_net "Net-(C23-Pad2)")
    (add_net "Net-(J1-Pad1)")
    (add_net "Net-(J2-Pad2)")
    (add_net "Net-(J3-Pad2)")
    (add_net "Net-(L1-Pad2)")
    (add_net "Net-(L2-Pad2)")
    (add_net "Net-(POWER1-Pad1)")
    (add_net "Net-(R14-Pad1)")
    (add_net "Net-(R14-Pad2)")
    (add_net "Net-(R15-Pad1)")
    (add_net "Net-(R15-Pad2)")
    (add_net "Net-(R16-Pad2)")
    (add_net "Net-(R17-Pad1)")
    (add_net "Net-(R19-Pad1)")
    (add_net "Net-(R2-Pad2)")
    (add_net "Net-(R21-Pad1)")
    (add_net "Net-(R23-Pad1)")
    (add_net "Net-(TR1-Pad2)")
    (add_net "Net-(U2-Pad7)")
    (add_net "Net-(U2-Pad8)")
    (add_net "Net-(U3-Pad1)")
    (add_net "Net-(U3-Pad10)")
    (add_net "Net-(U3-Pad14)")
    (add_net "Net-(U3-Pad18)")
    (add_net "Net-(U3-Pad9)")
    (add_net "Net-(U5-Pad7)")
    (add_net "Net-(U5-Pad8)")
    (add_net "Net-(X1-Pad1)")
    (add_net VCC)
    (add_net VDD)
  )

  (module Capacitor_SMD:C_0603_1608Metric_Pad1.08x0.95mm_HandSolder (layer F.Cu) (tedit 5F68FEEF) (tstamp 6182BA86)
    (at 154.9375 111.1 180)
    (descr "Capacitor SMD 0603 (1608 Metric), square (rectangular) end terminal, IPC_7351 nominal with elongated pad for handsoldering. (Body size source: IPC-SM-782 page 76, https://www.pcb-3d.com/wordpress/wp-content/uploads/ipc-sm-782a_amendment_1_and_2.pdf), generated with kicad-footprint-generator")
    (tags "capacitor handsolder")
    (path /6164B9F8)
    (attr smd)
    (fp_text reference C22 (at 0 -1.43) (layer F.SilkS)
      (effects (font (size 1 1) (thickness 0.15)))
    )
    (fp_text value 10n (at 0 1.43) (layer F.Fab)
      (effects (font (size 1 1) (thickness 0.15)))
    )
    (fp_line (start 1.65 0.73) (end -1.65 0.73) (layer F.CrtYd) (width 0.05))
    (fp_line (start 1.65 -0.73) (end 1.65 0.73) (layer F.CrtYd) (width 0.05))
    (fp_line (start -1.65 -0.73) (end 1.65 -0.73) (layer F.CrtYd) (width 0.05))
    (fp_line (start -1.65 0.73) (end -1.65 -0.73) (layer F.CrtYd) (width 0.05))
    (fp_line (start -0.146267 0.51) (end 0.146267 0.51) (layer F.SilkS) (width 0.12))
    (fp_line (start -0.146267 -0.51) (end 0.146267 -0.51) (layer F.SilkS) (width 0.12))
    (fp_line (start 0.8 0.4) (end -0.8 0.4) (layer F.Fab) (width 0.1))
    (fp_line (start 0.8 -0.4) (end 0.8 0.4) (layer F.Fab) (width 0.1))
    (fp_line (start -0.8 -0.4) (end 0.8 -0.4) (layer F.Fab) (width 0.1))
    (fp_line (start -0.8 0.4) (end -0.8 -0.4) (layer F.Fab) (width 0.1))
    (fp_text user %R (at 0 0) (layer F.Fab)
      (effects (font (size 0.4 0.4) (thickness 0.06)))
    )
    (pad 2 smd roundrect (at 0.8625 0 180) (size 1.075 0.95) (layers F.Cu F.Paste F.Mask) (roundrect_rratio 0.25)
      (net 27 "Net-(C22-Pad2)"))
    (pad 1 smd roundrect (at -0.8625 0 180) (size 1.075 0.95) (layers F.Cu F.Paste F.Mask) (roundrect_rratio 0.25)
      (net 26 "Net-(C22-Pad1)"))
    (model ${KISYS3DMOD}/Capacitor_SMD.3dshapes/C_0603_1608Metric.wrl
      (at (xyz 0 0 0))
      (scale (xyz 1 1 1))
      (rotate (xyz 0 0 0))
    )
  )

  (module Package_DFN_QFN:WQFN-24-1EP_4x4mm_P0.5mm_EP2.45x2.45mm_ThermalVias (layer F.Cu) (tedit 5DC5F6A8) (tstamp 614A4A90)
    (at 159.3 111.9 270)
    (descr "WQFN, 24 Pin (http://www.ti.com/lit/ds/symlink/ts3a27518e.pdf#page=33), generated with kicad-footprint-generator ipc_noLead_generator.py")
    (tags "WQFN NoLead")
    (path /614E0741)
    (attr smd)
    (fp_text reference U3 (at 0 -3.32 90) (layer F.SilkS)
      (effects (font (size 1 1) (thickness 0.15)))
    )
    (fp_text value LMH6881 (at 0 3.32 90) (layer F.Fab)
      (effects (font (size 1 1) (thickness 0.15)))
    )
    (fp_text user %R (at 0 0 90) (layer F.Fab)
      (effects (font (size 1 1) (thickness 0.15)))
    )
    (fp_line (start 1.66 -2.11) (end 2.11 -2.11) (layer F.SilkS) (width 0.12))
    (fp_line (start 2.11 -2.11) (end 2.11 -1.66) (layer F.SilkS) (width 0.12))
    (fp_line (start -1.66 2.11) (end -2.11 2.11) (layer F.SilkS) (width 0.12))
    (fp_line (start -2.11 2.11) (end -2.11 1.66) (layer F.SilkS) (width 0.12))
    (fp_line (start 1.66 2.11) (end 2.11 2.11) (layer F.SilkS) (width 0.12))
    (fp_line (start 2.11 2.11) (end 2.11 1.66) (layer F.SilkS) (width 0.12))
    (fp_line (start -1.66 -2.11) (end -2.11 -2.11) (layer F.SilkS) (width 0.12))
    (fp_line (start -1 -2) (end 2 -2) (layer F.Fab) (width 0.1))
    (fp_line (start 2 -2) (end 2 2) (layer F.Fab) (width 0.1))
    (fp_line (start 2 2) (end -2 2) (layer F.Fab) (width 0.1))
    (fp_line (start -2 2) (end -2 -1) (layer F.Fab) (width 0.1))
    (fp_line (start -2 -1) (end -1 -2) (layer F.Fab) (width 0.1))
    (fp_line (start -2.62 -2.62) (end -2.62 2.62) (layer F.CrtYd) (width 0.05))
    (fp_line (start -2.62 2.62) (end 2.62 2.62) (layer F.CrtYd) (width 0.05))
    (fp_line (start 2.62 2.62) (end 2.62 -2.62) (layer F.CrtYd) (width 0.05))
    (fp_line (start 2.62 -2.62) (end -2.62 -2.62) (layer F.CrtYd) (width 0.05))
    (pad "" smd roundrect (at 0.61 0.61 270) (size 1.06 1.06) (layers F.Paste) (roundrect_rratio 0.235849))
    (pad "" smd roundrect (at 0.61 -0.61 270) (size 1.06 1.06) (layers F.Paste) (roundrect_rratio 0.235849))
    (pad "" smd roundrect (at -0.61 0.61 270) (size 1.06 1.06) (layers F.Paste) (roundrect_rratio 0.235849))
    (pad "" smd roundrect (at -0.61 -0.61 270) (size 1.06 1.06) (layers F.Paste) (roundrect_rratio 0.235849))
    (pad 25 smd rect (at 0 0 270) (size 2.45 2.45) (layers B.Cu)
      (net 1 GND))
    (pad 25 thru_hole circle (at 0.975 0.975 270) (size 0.5 0.5) (drill 0.2) (layers *.Cu)
      (net 1 GND))
    (pad 25 thru_hole circle (at 0 0.975 270) (size 0.5 0.5) (drill 0.2) (layers *.Cu)
      (net 1 GND))
    (pad 25 thru_hole circle (at -0.975 0.975 270) (size 0.5 0.5) (drill 0.2) (layers *.Cu)
      (net 1 GND))
    (pad 25 thru_hole circle (at 0.975 0 270) (size 0.5 0.5) (drill 0.2) (layers *.Cu)
      (net 1 GND))
    (pad 25 thru_hole circle (at 0 0 270) (size 0.5 0.5) (drill 0.2) (layers *.Cu)
      (net 1 GND))
    (pad 25 thru_hole circle (at -0.975 0 270) (size 0.5 0.5) (drill 0.2) (layers *.Cu)
      (net 1 GND))
    (pad 25 thru_hole circle (at 0.975 -0.975 270) (size 0.5 0.5) (drill 0.2) (layers *.Cu)
      (net 1 GND))
    (pad 25 thru_hole circle (at 0 -0.975 270) (size 0.5 0.5) (drill 0.2) (layers *.Cu)
      (net 1 GND))
    (pad 25 thru_hole circle (at -0.975 -0.975 270) (size 0.5 0.5) (drill 0.2) (layers *.Cu)
      (net 1 GND))
    (pad 25 smd rect (at 0 0 270) (size 2.45 2.45) (layers F.Cu F.Mask)
      (net 1 GND))
    (pad 24 smd roundrect (at -1.25 -1.9375 270) (size 0.3 0.875) (layers F.Cu F.Paste F.Mask) (roundrect_rratio 0.25)
      (net 20 VCC))
    (pad 23 smd roundrect (at -0.75 -1.9375 270) (size 0.3 0.875) (layers F.Cu F.Paste F.Mask) (roundrect_rratio 0.25)
      (net 20 VCC))
    (pad 22 smd roundrect (at -0.25 -1.9375 270) (size 0.3 0.875) (layers F.Cu F.Paste F.Mask) (roundrect_rratio 0.25)
      (net 36 "Net-(R14-Pad1)"))
    (pad 21 smd roundrect (at 0.25 -1.9375 270) (size 0.3 0.875) (layers F.Cu F.Paste F.Mask) (roundrect_rratio 0.25)
      (net 38 "Net-(R15-Pad1)"))
    (pad 20 smd roundrect (at 0.75 -1.9375 270) (size 0.3 0.875) (layers F.Cu F.Paste F.Mask) (roundrect_rratio 0.25)
      (net 20 VCC))
    (pad 19 smd roundrect (at 1.25 -1.9375 270) (size 0.3 0.875) (layers F.Cu F.Paste F.Mask) (roundrect_rratio 0.25)
      (net 20 VCC))
    (pad 18 smd roundrect (at 1.9375 -1.25 270) (size 0.875 0.3) (layers F.Cu F.Paste F.Mask) (roundrect_rratio 0.25)
      (net 85 "Net-(U3-Pad18)"))
    (pad 17 smd roundrect (at 1.9375 -0.75 270) (size 0.875 0.3) (layers F.Cu F.Paste F.Mask) (roundrect_rratio 0.25)
      (net 1 GND))
    (pad 16 smd roundrect (at 1.9375 -0.25 270) (size 0.875 0.3) (layers F.Cu F.Paste F.Mask) (roundrect_rratio 0.25)
      (net 46 "Net-(R23-Pad1)"))
    (pad 15 smd roundrect (at 1.9375 0.25 270) (size 0.875 0.3) (layers F.Cu F.Paste F.Mask) (roundrect_rratio 0.25)
      (net 45 "Net-(R21-Pad1)"))
    (pad 14 smd roundrect (at 1.9375 0.75 270) (size 0.875 0.3) (layers F.Cu F.Paste F.Mask) (roundrect_rratio 0.25)
      (net 86 "Net-(U3-Pad14)"))
    (pad 13 smd roundrect (at 1.9375 1.25 270) (size 0.875 0.3) (layers F.Cu F.Paste F.Mask) (roundrect_rratio 0.25)
      (net 1 GND))
    (pad 12 smd roundrect (at 1.25 1.9375 270) (size 0.3 0.875) (layers F.Cu F.Paste F.Mask) (roundrect_rratio 0.25)
      (net 1 GND))
    (pad 11 smd roundrect (at 0.75 1.9375 270) (size 0.3 0.875) (layers F.Cu F.Paste F.Mask) (roundrect_rratio 0.25)
      (net 40 "Net-(R16-Pad2)"))
    (pad 10 smd roundrect (at 0.25 1.9375 270) (size 0.3 0.875) (layers F.Cu F.Paste F.Mask) (roundrect_rratio 0.25)
      (net 80 "Net-(U3-Pad10)"))
    (pad 9 smd roundrect (at -0.25 1.9375 270) (size 0.3 0.875) (layers F.Cu F.Paste F.Mask) (roundrect_rratio 0.25)
      (net 81 "Net-(U3-Pad9)"))
    (pad 8 smd roundrect (at -0.75 1.9375 270) (size 0.3 0.875) (layers F.Cu F.Paste F.Mask) (roundrect_rratio 0.25)
      (net 26 "Net-(C22-Pad1)"))
    (pad 7 smd roundrect (at -1.25 1.9375 270) (size 0.3 0.875) (layers F.Cu F.Paste F.Mask) (roundrect_rratio 0.25)
      (net 1 GND))
    (pad 6 smd roundrect (at -1.9375 1.25 270) (size 0.875 0.3) (layers F.Cu F.Paste F.Mask) (roundrect_rratio 0.25)
      (net 1 GND))
    (pad 5 smd roundrect (at -1.9375 0.75 270) (size 0.875 0.3) (layers F.Cu F.Paste F.Mask) (roundrect_rratio 0.25)
      (net 35 "Net-(R2-Pad2)"))
    (pad 4 smd roundrect (at -1.9375 0.25 270) (size 0.875 0.3) (layers F.Cu F.Paste F.Mask) (roundrect_rratio 0.25)
      (net 41 "Net-(R17-Pad1)"))
    (pad 3 smd roundrect (at -1.9375 -0.25 270) (size 0.875 0.3) (layers F.Cu F.Paste F.Mask) (roundrect_rratio 0.25)
      (net 43 "Net-(R19-Pad1)"))
    (pad 2 smd roundrect (at -1.9375 -0.75 270) (size 0.875 0.3) (layers F.Cu F.Paste F.Mask) (roundrect_rratio 0.25)
      (net 30 /1.25V))
    (pad 1 smd roundrect (at -1.9375 -1.25 270) (size 0.875 0.3) (layers F.Cu F.Paste F.Mask) (roundrect_rratio 0.25)
      (net 50 "Net-(U3-Pad1)"))
    (model ${KISYS3DMOD}/Package_DFN_QFN.3dshapes/WQFN-24-1EP_4x4mm_P0.5mm_EP2.45x2.45mm.wrl
      (at (xyz 0 0 0))
      (scale (xyz 1 1 1))
      (rotate (xyz 0 0 0))
    )
  )

  (module Capacitor_SMD:C_0603_1608Metric_Pad1.08x0.95mm_HandSolder (layer F.Cu) (tedit 5F68FEEF) (tstamp 6154FA39)
    (at 162.7 114.9 90)
    (descr "Capacitor SMD 0603 (1608 Metric), square (rectangular) end terminal, IPC_7351 nominal with elongated pad for handsoldering. (Body size source: IPC-SM-782 page 76, https://www.pcb-3d.com/wordpress/wp-content/uploads/ipc-sm-782a_amendment_1_and_2.pdf), generated with kicad-footprint-generator")
    (tags "capacitor handsolder")
    (path /617193A6)
    (attr smd)
    (fp_text reference C3 (at 0 -1.43 90) (layer F.SilkS)
      (effects (font (size 1 1) (thickness 0.15)))
    )
    (fp_text value 10n (at 0 1.43 90) (layer F.Fab)
      (effects (font (size 1 1) (thickness 0.15)))
    )
    (fp_line (start -0.8 0.4) (end -0.8 -0.4) (layer F.Fab) (width 0.1))
    (fp_line (start -0.8 -0.4) (end 0.8 -0.4) (layer F.Fab) (width 0.1))
    (fp_line (start 0.8 -0.4) (end 0.8 0.4) (layer F.Fab) (width 0.1))
    (fp_line (start 0.8 0.4) (end -0.8 0.4) (layer F.Fab) (width 0.1))
    (fp_line (start -0.146267 -0.51) (end 0.146267 -0.51) (layer F.SilkS) (width 0.12))
    (fp_line (start -0.146267 0.51) (end 0.146267 0.51) (layer F.SilkS) (width 0.12))
    (fp_line (start -1.65 0.73) (end -1.65 -0.73) (layer F.CrtYd) (width 0.05))
    (fp_line (start -1.65 -0.73) (end 1.65 -0.73) (layer F.CrtYd) (width 0.05))
    (fp_line (start 1.65 -0.73) (end 1.65 0.73) (layer F.CrtYd) (width 0.05))
    (fp_line (start 1.65 0.73) (end -1.65 0.73) (layer F.CrtYd) (width 0.05))
    (fp_text user %R (at 0 0 90) (layer F.Fab)
      (effects (font (size 0.4 0.4) (thickness 0.06)))
    )
    (pad 1 smd roundrect (at -0.8625 0 90) (size 1.075 0.95) (layers F.Cu F.Paste F.Mask) (roundrect_rratio 0.25)
      (net 1 GND))
    (pad 2 smd roundrect (at 0.8625 0 90) (size 1.075 0.95) (layers F.Cu F.Paste F.Mask) (roundrect_rratio 0.25)
      (net 20 VCC))
    (model ${KISYS3DMOD}/Capacitor_SMD.3dshapes/C_0603_1608Metric.wrl
      (at (xyz 0 0 0))
      (scale (xyz 1 1 1))
      (rotate (xyz 0 0 0))
    )
  )

  (module Capacitor_SMD:C_0603_1608Metric_Pad1.08x0.95mm_HandSolder (layer B.Cu) (tedit 5F68FEEF) (tstamp 6154867C)
    (at 134.4 108.9)
    (descr "Capacitor SMD 0603 (1608 Metric), square (rectangular) end terminal, IPC_7351 nominal with elongated pad for handsoldering. (Body size source: IPC-SM-782 page 76, https://www.pcb-3d.com/wordpress/wp-content/uploads/ipc-sm-782a_amendment_1_and_2.pdf), generated with kicad-footprint-generator")
    (tags "capacitor handsolder")
    (path /616A298E)
    (attr smd)
    (fp_text reference C1 (at 0 1.43 180) (layer B.SilkS)
      (effects (font (size 1 1) (thickness 0.15)) (justify mirror))
    )
    (fp_text value 100n (at 0 -1.43 180) (layer B.Fab)
      (effects (font (size 1 1) (thickness 0.15)) (justify mirror))
    )
    (fp_line (start -0.8 -0.4) (end -0.8 0.4) (layer B.Fab) (width 0.1))
    (fp_line (start -0.8 0.4) (end 0.8 0.4) (layer B.Fab) (width 0.1))
    (fp_line (start 0.8 0.4) (end 0.8 -0.4) (layer B.Fab) (width 0.1))
    (fp_line (start 0.8 -0.4) (end -0.8 -0.4) (layer B.Fab) (width 0.1))
    (fp_line (start -0.146267 0.51) (end 0.146267 0.51) (layer B.SilkS) (width 0.12))
    (fp_line (start -0.146267 -0.51) (end 0.146267 -0.51) (layer B.SilkS) (width 0.12))
    (fp_line (start -1.65 -0.73) (end -1.65 0.73) (layer B.CrtYd) (width 0.05))
    (fp_line (start -1.65 0.73) (end 1.65 0.73) (layer B.CrtYd) (width 0.05))
    (fp_line (start 1.65 0.73) (end 1.65 -0.73) (layer B.CrtYd) (width 0.05))
    (fp_line (start 1.65 -0.73) (end -1.65 -0.73) (layer B.CrtYd) (width 0.05))
    (fp_text user %R (at 0 0 180) (layer B.Fab)
      (effects (font (size 0.4 0.4) (thickness 0.06)) (justify mirror))
    )
    (pad 1 smd roundrect (at -0.8625 0) (size 1.075 0.95) (layers B.Cu B.Paste B.Mask) (roundrect_rratio 0.25)
      (net 1 GND))
    (pad 2 smd roundrect (at 0.8625 0) (size 1.075 0.95) (layers B.Cu B.Paste B.Mask) (roundrect_rratio 0.25)
      (net 16 VDD))
    (model ${KISYS3DMOD}/Capacitor_SMD.3dshapes/C_0603_1608Metric.wrl
      (at (xyz 0 0 0))
      (scale (xyz 1 1 1))
      (rotate (xyz 0 0 0))
    )
  )

  (module Connector_PinHeader_2.54mm:PinHeader_1x03_P2.54mm_Vertical (layer F.Cu) (tedit 59FED5CC) (tstamp 61602073)
    (at 165.3 101)
    (descr "Through hole straight pin header, 1x03, 2.54mm pitch, single row")
    (tags "Through hole pin header THT 1x03 2.54mm single row")
    (path /61578698)
    (fp_text reference J3 (at 0 -2.33) (layer F.SilkS)
      (effects (font (size 1 1) (thickness 0.15)))
    )
    (fp_text value Conn_01x03_Male (at 0 7.41) (layer F.Fab)
      (effects (font (size 1 1) (thickness 0.15)))
    )
    (fp_line (start -0.635 -1.27) (end 1.27 -1.27) (layer F.Fab) (width 0.1))
    (fp_line (start 1.27 -1.27) (end 1.27 6.35) (layer F.Fab) (width 0.1))
    (fp_line (start 1.27 6.35) (end -1.27 6.35) (layer F.Fab) (width 0.1))
    (fp_line (start -1.27 6.35) (end -1.27 -0.635) (layer F.Fab) (width 0.1))
    (fp_line (start -1.27 -0.635) (end -0.635 -1.27) (layer F.Fab) (width 0.1))
    (fp_line (start -1.33 6.41) (end 1.33 6.41) (layer F.SilkS) (width 0.12))
    (fp_line (start -1.33 1.27) (end -1.33 6.41) (layer F.SilkS) (width 0.12))
    (fp_line (start 1.33 1.27) (end 1.33 6.41) (layer F.SilkS) (width 0.12))
    (fp_line (start -1.33 1.27) (end 1.33 1.27) (layer F.SilkS) (width 0.12))
    (fp_line (start -1.33 0) (end -1.33 -1.33) (layer F.SilkS) (width 0.12))
    (fp_line (start -1.33 -1.33) (end 0 -1.33) (layer F.SilkS) (width 0.12))
    (fp_line (start -1.8 -1.8) (end -1.8 6.85) (layer F.CrtYd) (width 0.05))
    (fp_line (start -1.8 6.85) (end 1.8 6.85) (layer F.CrtYd) (width 0.05))
    (fp_line (start 1.8 6.85) (end 1.8 -1.8) (layer F.CrtYd) (width 0.05))
    (fp_line (start 1.8 -1.8) (end -1.8 -1.8) (layer F.CrtYd) (width 0.05))
    (fp_text user %R (at 0 2.54 90) (layer F.Fab)
      (effects (font (size 1 1) (thickness 0.15)))
    )
    (pad 1 thru_hole rect (at 0 0) (size 1.7 1.7) (drill 1) (layers *.Cu *.Mask)
      (net 20 VCC))
    (pad 2 thru_hole oval (at 0 2.54) (size 1.7 1.7) (drill 1) (layers *.Cu *.Mask)
      (net 71 "Net-(J3-Pad2)"))
    (pad 3 thru_hole oval (at 0 5.08) (size 1.7 1.7) (drill 1) (layers *.Cu *.Mask)
      (net 1 GND))
    (model ${KISYS3DMOD}/Connector_PinHeader_2.54mm.3dshapes/PinHeader_1x03_P2.54mm_Vertical.wrl
      (at (xyz 0 0 0))
      (scale (xyz 1 1 1))
      (rotate (xyz 0 0 0))
    )
    (model ${PERSO}/Switch_Commutateur/SS12SDP2.stp
      (offset (xyz -2 2.5 0))
      (scale (xyz 1 1 1))
      (rotate (xyz -90 0 0))
    )
  )

  (module Connector_PinHeader_2.54mm:PinHeader_1x03_P2.54mm_Vertical (layer F.Cu) (tedit 59FED5CC) (tstamp 6154719F)
    (at 153.2 101)
    (descr "Through hole straight pin header, 1x03, 2.54mm pitch, single row")
    (tags "Through hole pin header THT 1x03 2.54mm single row")
    (path /61577710)
    (fp_text reference J2 (at 0 -2.33) (layer F.SilkS)
      (effects (font (size 1 1) (thickness 0.15)))
    )
    (fp_text value Conn_01x03_Male (at 0 7.41) (layer F.Fab)
      (effects (font (size 1 1) (thickness 0.15)))
    )
    (fp_line (start -0.635 -1.27) (end 1.27 -1.27) (layer F.Fab) (width 0.1))
    (fp_line (start 1.27 -1.27) (end 1.27 6.35) (layer F.Fab) (width 0.1))
    (fp_line (start 1.27 6.35) (end -1.27 6.35) (layer F.Fab) (width 0.1))
    (fp_line (start -1.27 6.35) (end -1.27 -0.635) (layer F.Fab) (width 0.1))
    (fp_line (start -1.27 -0.635) (end -0.635 -1.27) (layer F.Fab) (width 0.1))
    (fp_line (start -1.33 6.41) (end 1.33 6.41) (layer F.SilkS) (width 0.12))
    (fp_line (start -1.33 1.27) (end -1.33 6.41) (layer F.SilkS) (width 0.12))
    (fp_line (start 1.33 1.27) (end 1.33 6.41) (layer F.SilkS) (width 0.12))
    (fp_line (start -1.33 1.27) (end 1.33 1.27) (layer F.SilkS) (width 0.12))
    (fp_line (start -1.33 0) (end -1.33 -1.33) (layer F.SilkS) (width 0.12))
    (fp_line (start -1.33 -1.33) (end 0 -1.33) (layer F.SilkS) (width 0.12))
    (fp_line (start -1.8 -1.8) (end -1.8 6.85) (layer F.CrtYd) (width 0.05))
    (fp_line (start -1.8 6.85) (end 1.8 6.85) (layer F.CrtYd) (width 0.05))
    (fp_line (start 1.8 6.85) (end 1.8 -1.8) (layer F.CrtYd) (width 0.05))
    (fp_line (start 1.8 -1.8) (end -1.8 -1.8) (layer F.CrtYd) (width 0.05))
    (fp_text user %R (at 0 2.54 90) (layer F.Fab)
      (effects (font (size 1 1) (thickness 0.15)))
    )
    (pad 1 thru_hole rect (at 0 0) (size 1.7 1.7) (drill 1) (layers *.Cu *.Mask)
      (net 20 VCC))
    (pad 2 thru_hole oval (at 0 2.54) (size 1.7 1.7) (drill 1) (layers *.Cu *.Mask)
      (net 70 "Net-(J2-Pad2)"))
    (pad 3 thru_hole oval (at 0 5.08) (size 1.7 1.7) (drill 1) (layers *.Cu *.Mask)
      (net 1 GND))
    (model ${KISYS3DMOD}/Connector_PinHeader_2.54mm.3dshapes/PinHeader_1x03_P2.54mm_Vertical.wrl
      (at (xyz 0 0 0))
      (scale (xyz 1 1 1))
      (rotate (xyz 0 0 0))
    )
    (model ${PERSO}/Switch_Commutateur/SS12SDP2.stp
      (offset (xyz -2 2.5 0.5))
      (scale (xyz 1 1 1))
      (rotate (xyz -90 0 0))
    )
  )

  (module Capacitor_SMD:C_0603_1608Metric_Pad1.08x0.95mm_HandSolder (layer B.Cu) (tedit 5F68FEEF) (tstamp 614B9CA3)
    (at 142.9 107.4)
    (descr "Capacitor SMD 0603 (1608 Metric), square (rectangular) end terminal, IPC_7351 nominal with elongated pad for handsoldering. (Body size source: IPC-SM-782 page 76, https://www.pcb-3d.com/wordpress/wp-content/uploads/ipc-sm-782a_amendment_1_and_2.pdf), generated with kicad-footprint-generator")
    (tags "capacitor handsolder")
    (path /61E7139B/61C919D5)
    (attr smd)
    (fp_text reference C12 (at 0.1 -1.4) (layer B.SilkS)
      (effects (font (size 1 1) (thickness 0.15)) (justify mirror))
    )
    (fp_text value 10n (at 0 -1.43) (layer B.Fab)
      (effects (font (size 1 1) (thickness 0.15)) (justify mirror))
    )
    (fp_line (start 1.65 -0.73) (end -1.65 -0.73) (layer B.CrtYd) (width 0.05))
    (fp_line (start 1.65 0.73) (end 1.65 -0.73) (layer B.CrtYd) (width 0.05))
    (fp_line (start -1.65 0.73) (end 1.65 0.73) (layer B.CrtYd) (width 0.05))
    (fp_line (start -1.65 -0.73) (end -1.65 0.73) (layer B.CrtYd) (width 0.05))
    (fp_line (start -0.146267 -0.51) (end 0.146267 -0.51) (layer B.SilkS) (width 0.12))
    (fp_line (start -0.146267 0.51) (end 0.146267 0.51) (layer B.SilkS) (width 0.12))
    (fp_line (start 0.8 -0.4) (end -0.8 -0.4) (layer B.Fab) (width 0.1))
    (fp_line (start 0.8 0.4) (end 0.8 -0.4) (layer B.Fab) (width 0.1))
    (fp_line (start -0.8 0.4) (end 0.8 0.4) (layer B.Fab) (width 0.1))
    (fp_line (start -0.8 -0.4) (end -0.8 0.4) (layer B.Fab) (width 0.1))
    (fp_text user %R (at 0 0) (layer B.Fab)
      (effects (font (size 0.4 0.4) (thickness 0.06)) (justify mirror))
    )
    (pad 2 smd roundrect (at 0.8625 0) (size 1.075 0.95) (layers B.Cu B.Paste B.Mask) (roundrect_rratio 0.25)
      (net 20 VCC))
    (pad 1 smd roundrect (at -0.8625 0) (size 1.075 0.95) (layers B.Cu B.Paste B.Mask) (roundrect_rratio 0.25)
      (net 23 "Net-(C12-Pad1)"))
    (model ${KISYS3DMOD}/Capacitor_SMD.3dshapes/C_0603_1608Metric.wrl
      (at (xyz 0 0 0))
      (scale (xyz 1 1 1))
      (rotate (xyz 0 0 0))
    )
  )

  (module Capacitor_SMD:C_0603_1608Metric_Pad1.08x0.95mm_HandSolder (layer B.Cu) (tedit 5F68FEEF) (tstamp 614B9D93)
    (at 142.9 108.9)
    (descr "Capacitor SMD 0603 (1608 Metric), square (rectangular) end terminal, IPC_7351 nominal with elongated pad for handsoldering. (Body size source: IPC-SM-782 page 76, https://www.pcb-3d.com/wordpress/wp-content/uploads/ipc-sm-782a_amendment_1_and_2.pdf), generated with kicad-footprint-generator")
    (tags "capacitor handsolder")
    (path /61E7139B/61C919C7)
    (attr smd)
    (fp_text reference C16 (at 3.2 0.1) (layer B.SilkS)
      (effects (font (size 1 1) (thickness 0.15)) (justify mirror))
    )
    (fp_text value 100n (at 0 -1.43) (layer B.Fab)
      (effects (font (size 1 1) (thickness 0.15)) (justify mirror))
    )
    (fp_line (start 1.65 -0.73) (end -1.65 -0.73) (layer B.CrtYd) (width 0.05))
    (fp_line (start 1.65 0.73) (end 1.65 -0.73) (layer B.CrtYd) (width 0.05))
    (fp_line (start -1.65 0.73) (end 1.65 0.73) (layer B.CrtYd) (width 0.05))
    (fp_line (start -1.65 -0.73) (end -1.65 0.73) (layer B.CrtYd) (width 0.05))
    (fp_line (start -0.146267 -0.51) (end 0.146267 -0.51) (layer B.SilkS) (width 0.12))
    (fp_line (start -0.146267 0.51) (end 0.146267 0.51) (layer B.SilkS) (width 0.12))
    (fp_line (start 0.8 -0.4) (end -0.8 -0.4) (layer B.Fab) (width 0.1))
    (fp_line (start 0.8 0.4) (end 0.8 -0.4) (layer B.Fab) (width 0.1))
    (fp_line (start -0.8 0.4) (end 0.8 0.4) (layer B.Fab) (width 0.1))
    (fp_line (start -0.8 -0.4) (end -0.8 0.4) (layer B.Fab) (width 0.1))
    (fp_text user %R (at 0 0) (layer B.Fab)
      (effects (font (size 0.4 0.4) (thickness 0.06)) (justify mirror))
    )
    (pad 2 smd roundrect (at 0.8625 0) (size 1.075 0.95) (layers B.Cu B.Paste B.Mask) (roundrect_rratio 0.25)
      (net 1 GND))
    (pad 1 smd roundrect (at -0.8625 0) (size 1.075 0.95) (layers B.Cu B.Paste B.Mask) (roundrect_rratio 0.25)
      (net 16 VDD))
    (model ${KISYS3DMOD}/Capacitor_SMD.3dshapes/C_0603_1608Metric.wrl
      (at (xyz 0 0 0))
      (scale (xyz 1 1 1))
      (rotate (xyz 0 0 0))
    )
  )

  (module Capacitor_SMD:C_0603_1608Metric_Pad1.08x0.95mm_HandSolder (layer B.Cu) (tedit 5F68FEEF) (tstamp 614B9B83)
    (at 139.2 109.3 180)
    (descr "Capacitor SMD 0603 (1608 Metric), square (rectangular) end terminal, IPC_7351 nominal with elongated pad for handsoldering. (Body size source: IPC-SM-782 page 76, https://www.pcb-3d.com/wordpress/wp-content/uploads/ipc-sm-782a_amendment_1_and_2.pdf), generated with kicad-footprint-generator")
    (tags "capacitor handsolder")
    (path /61E7139B/61C919B8)
    (attr smd)
    (fp_text reference C17 (at 3.2 0.1) (layer B.SilkS)
      (effects (font (size 1 1) (thickness 0.15)) (justify mirror))
    )
    (fp_text value 100n (at 0 -1.43) (layer B.Fab)
      (effects (font (size 1 1) (thickness 0.15)) (justify mirror))
    )
    (fp_line (start 1.65 -0.73) (end -1.65 -0.73) (layer B.CrtYd) (width 0.05))
    (fp_line (start 1.65 0.73) (end 1.65 -0.73) (layer B.CrtYd) (width 0.05))
    (fp_line (start -1.65 0.73) (end 1.65 0.73) (layer B.CrtYd) (width 0.05))
    (fp_line (start -1.65 -0.73) (end -1.65 0.73) (layer B.CrtYd) (width 0.05))
    (fp_line (start -0.146267 -0.51) (end 0.146267 -0.51) (layer B.SilkS) (width 0.12))
    (fp_line (start -0.146267 0.51) (end 0.146267 0.51) (layer B.SilkS) (width 0.12))
    (fp_line (start 0.8 -0.4) (end -0.8 -0.4) (layer B.Fab) (width 0.1))
    (fp_line (start 0.8 0.4) (end 0.8 -0.4) (layer B.Fab) (width 0.1))
    (fp_line (start -0.8 0.4) (end 0.8 0.4) (layer B.Fab) (width 0.1))
    (fp_line (start -0.8 -0.4) (end -0.8 0.4) (layer B.Fab) (width 0.1))
    (fp_text user %R (at 0 0) (layer B.Fab)
      (effects (font (size 0.4 0.4) (thickness 0.06)) (justify mirror))
    )
    (pad 2 smd roundrect (at 0.8625 0 180) (size 1.075 0.95) (layers B.Cu B.Paste B.Mask) (roundrect_rratio 0.25)
      (net 1 GND))
    (pad 1 smd roundrect (at -0.8625 0 180) (size 1.075 0.95) (layers B.Cu B.Paste B.Mask) (roundrect_rratio 0.25)
      (net 25 "Net-(C17-Pad1)"))
    (model ${KISYS3DMOD}/Capacitor_SMD.3dshapes/C_0603_1608Metric.wrl
      (at (xyz 0 0 0))
      (scale (xyz 1 1 1))
      (rotate (xyz 0 0 0))
    )
  )

  (module Capacitor_SMD:C_0603_1608Metric_Pad1.08x0.95mm_HandSolder (layer B.Cu) (tedit 5F68FEEF) (tstamp 614B9C13)
    (at 143 116)
    (descr "Capacitor SMD 0603 (1608 Metric), square (rectangular) end terminal, IPC_7351 nominal with elongated pad for handsoldering. (Body size source: IPC-SM-782 page 76, https://www.pcb-3d.com/wordpress/wp-content/uploads/ipc-sm-782a_amendment_1_and_2.pdf), generated with kicad-footprint-generator")
    (tags "capacitor handsolder")
    (path /61C59087/61C919C7)
    (attr smd)
    (fp_text reference C7 (at 3.2 0.1) (layer B.SilkS)
      (effects (font (size 1 1) (thickness 0.15)) (justify mirror))
    )
    (fp_text value 100n (at 0 -1.43) (layer B.Fab)
      (effects (font (size 1 1) (thickness 0.15)) (justify mirror))
    )
    (fp_line (start 1.65 -0.73) (end -1.65 -0.73) (layer B.CrtYd) (width 0.05))
    (fp_line (start 1.65 0.73) (end 1.65 -0.73) (layer B.CrtYd) (width 0.05))
    (fp_line (start -1.65 0.73) (end 1.65 0.73) (layer B.CrtYd) (width 0.05))
    (fp_line (start -1.65 -0.73) (end -1.65 0.73) (layer B.CrtYd) (width 0.05))
    (fp_line (start -0.146267 -0.51) (end 0.146267 -0.51) (layer B.SilkS) (width 0.12))
    (fp_line (start -0.146267 0.51) (end 0.146267 0.51) (layer B.SilkS) (width 0.12))
    (fp_line (start 0.8 -0.4) (end -0.8 -0.4) (layer B.Fab) (width 0.1))
    (fp_line (start 0.8 0.4) (end 0.8 -0.4) (layer B.Fab) (width 0.1))
    (fp_line (start -0.8 0.4) (end 0.8 0.4) (layer B.Fab) (width 0.1))
    (fp_line (start -0.8 -0.4) (end -0.8 0.4) (layer B.Fab) (width 0.1))
    (fp_text user %R (at 0 0) (layer B.Fab)
      (effects (font (size 0.4 0.4) (thickness 0.06)) (justify mirror))
    )
    (pad 2 smd roundrect (at 0.8625 0) (size 1.075 0.95) (layers B.Cu B.Paste B.Mask) (roundrect_rratio 0.25)
      (net 1 GND))
    (pad 1 smd roundrect (at -0.8625 0) (size 1.075 0.95) (layers B.Cu B.Paste B.Mask) (roundrect_rratio 0.25)
      (net 16 VDD))
    (model ${KISYS3DMOD}/Capacitor_SMD.3dshapes/C_0603_1608Metric.wrl
      (at (xyz 0 0 0))
      (scale (xyz 1 1 1))
      (rotate (xyz 0 0 0))
    )
  )

  (module Package_SO:TSSOP-16_4.4x5mm_P0.65mm (layer F.Cu) (tedit 5E476F32) (tstamp 614B9B01)
    (at 143.9 109.73125)
    (descr "TSSOP, 16 Pin (JEDEC MO-153 Var AB https://www.jedec.org/document_search?search_api_views_fulltext=MO-153), generated with kicad-footprint-generator ipc_gullwing_generator.py")
    (tags "TSSOP SO")
    (path /61E7139B/61C919AC)
    (attr smd)
    (fp_text reference U5 (at 0 -3.45) (layer F.SilkS)
      (effects (font (size 1 1) (thickness 0.15)))
    )
    (fp_text value AD5932 (at 0 3.45) (layer F.Fab)
      (effects (font (size 1 1) (thickness 0.15)))
    )
    (fp_line (start 0 2.735) (end 2.2 2.735) (layer F.SilkS) (width 0.12))
    (fp_line (start 0 2.735) (end -2.2 2.735) (layer F.SilkS) (width 0.12))
    (fp_line (start 0 -2.735) (end 2.2 -2.735) (layer F.SilkS) (width 0.12))
    (fp_line (start 0 -2.735) (end -3.6 -2.735) (layer F.SilkS) (width 0.12))
    (fp_line (start -1.2 -2.5) (end 2.2 -2.5) (layer F.Fab) (width 0.1))
    (fp_line (start 2.2 -2.5) (end 2.2 2.5) (layer F.Fab) (width 0.1))
    (fp_line (start 2.2 2.5) (end -2.2 2.5) (layer F.Fab) (width 0.1))
    (fp_line (start -2.2 2.5) (end -2.2 -1.5) (layer F.Fab) (width 0.1))
    (fp_line (start -2.2 -1.5) (end -1.2 -2.5) (layer F.Fab) (width 0.1))
    (fp_line (start -3.85 -2.75) (end -3.85 2.75) (layer F.CrtYd) (width 0.05))
    (fp_line (start -3.85 2.75) (end 3.85 2.75) (layer F.CrtYd) (width 0.05))
    (fp_line (start 3.85 2.75) (end 3.85 -2.75) (layer F.CrtYd) (width 0.05))
    (fp_line (start 3.85 -2.75) (end -3.85 -2.75) (layer F.CrtYd) (width 0.05))
    (fp_text user %R (at 0 0) (layer F.Fab)
      (effects (font (size 1 1) (thickness 0.15)))
    )
    (pad 1 smd roundrect (at -2.8625 -2.275) (size 1.475 0.4) (layers F.Cu F.Paste F.Mask) (roundrect_rratio 0.25)
      (net 23 "Net-(C12-Pad1)"))
    (pad 2 smd roundrect (at -2.8625 -1.625) (size 1.475 0.4) (layers F.Cu F.Paste F.Mask) (roundrect_rratio 0.25)
      (net 20 VCC))
    (pad 3 smd roundrect (at -2.8625 -0.975) (size 1.475 0.4) (layers F.Cu F.Paste F.Mask) (roundrect_rratio 0.25)
      (net 16 VDD))
    (pad 4 smd roundrect (at -2.8625 -0.325) (size 1.475 0.4) (layers F.Cu F.Paste F.Mask) (roundrect_rratio 0.25)
      (net 25 "Net-(C17-Pad1)"))
    (pad 5 smd roundrect (at -2.8625 0.325) (size 1.475 0.4) (layers F.Cu F.Paste F.Mask) (roundrect_rratio 0.25)
      (net 1 GND))
    (pad 6 smd roundrect (at -2.8625 0.975) (size 1.475 0.4) (layers F.Cu F.Paste F.Mask) (roundrect_rratio 0.25)
      (net 49 /Sheet61C59086/MCLK))
    (pad 7 smd roundrect (at -2.8625 1.625) (size 1.475 0.4) (layers F.Cu F.Paste F.Mask) (roundrect_rratio 0.25)
      (net 83 "Net-(U5-Pad7)"))
    (pad 8 smd roundrect (at -2.8625 2.275) (size 1.475 0.4) (layers F.Cu F.Paste F.Mask) (roundrect_rratio 0.25)
      (net 82 "Net-(U5-Pad8)"))
    (pad 9 smd roundrect (at 2.8625 2.275) (size 1.475 0.4) (layers F.Cu F.Paste F.Mask) (roundrect_rratio 0.25)
      (net 15 /IO5))
    (pad 10 smd roundrect (at 2.8625 1.625) (size 1.475 0.4) (layers F.Cu F.Paste F.Mask) (roundrect_rratio 0.25)
      (net 8 /IO6))
    (pad 11 smd roundrect (at 2.8625 0.975) (size 1.475 0.4) (layers F.Cu F.Paste F.Mask) (roundrect_rratio 0.25)
      (net 44 /SDI))
    (pad 12 smd roundrect (at 2.8625 0.325) (size 1.475 0.4) (layers F.Cu F.Paste F.Mask) (roundrect_rratio 0.25)
      (net 2 /SCK))
    (pad 13 smd roundrect (at 2.8625 -0.325) (size 1.475 0.4) (layers F.Cu F.Paste F.Mask) (roundrect_rratio 0.25)
      (net 48 /SEN2))
    (pad 14 smd roundrect (at 2.8625 -0.975) (size 1.475 0.4) (layers F.Cu F.Paste F.Mask) (roundrect_rratio 0.25)
      (net 1 GND))
    (pad 15 smd roundrect (at 2.8625 -1.625) (size 1.475 0.4) (layers F.Cu F.Paste F.Mask) (roundrect_rratio 0.25)
      (net 1 GND))
    (pad 16 smd roundrect (at 2.8625 -2.275) (size 1.475 0.4) (layers F.Cu F.Paste F.Mask) (roundrect_rratio 0.25)
      (net 24 /sheet61E7139B/Fout))
    (model ${KISYS3DMOD}/Package_SO.3dshapes/TSSOP-16_4.4x5mm_P0.65mm.wrl
      (at (xyz 0 0 0))
      (scale (xyz 1 1 1))
      (rotate (xyz 0 0 0))
    )
  )

  (module Package_SO:TSSOP-16_4.4x5mm_P0.65mm (layer F.Cu) (tedit 5E476F32) (tstamp 614B9960)
    (at 144 116.83125)
    (descr "TSSOP, 16 Pin (JEDEC MO-153 Var AB https://www.jedec.org/document_search?search_api_views_fulltext=MO-153), generated with kicad-footprint-generator ipc_gullwing_generator.py")
    (tags "TSSOP SO")
    (path /61C59087/61C919AC)
    (attr smd)
    (fp_text reference U2 (at 0 -3.45) (layer F.SilkS)
      (effects (font (size 1 1) (thickness 0.15)))
    )
    (fp_text value AD5932 (at 0 3.45) (layer F.Fab)
      (effects (font (size 1 1) (thickness 0.15)))
    )
    (fp_line (start 0 2.735) (end 2.2 2.735) (layer F.SilkS) (width 0.12))
    (fp_line (start 0 2.735) (end -2.2 2.735) (layer F.SilkS) (width 0.12))
    (fp_line (start 0 -2.735) (end 2.2 -2.735) (layer F.SilkS) (width 0.12))
    (fp_line (start 0 -2.735) (end -3.6 -2.735) (layer F.SilkS) (width 0.12))
    (fp_line (start -1.2 -2.5) (end 2.2 -2.5) (layer F.Fab) (width 0.1))
    (fp_line (start 2.2 -2.5) (end 2.2 2.5) (layer F.Fab) (width 0.1))
    (fp_line (start 2.2 2.5) (end -2.2 2.5) (layer F.Fab) (width 0.1))
    (fp_line (start -2.2 2.5) (end -2.2 -1.5) (layer F.Fab) (width 0.1))
    (fp_line (start -2.2 -1.5) (end -1.2 -2.5) (layer F.Fab) (width 0.1))
    (fp_line (start -3.85 -2.75) (end -3.85 2.75) (layer F.CrtYd) (width 0.05))
    (fp_line (start -3.85 2.75) (end 3.85 2.75) (layer F.CrtYd) (width 0.05))
    (fp_line (start 3.85 2.75) (end 3.85 -2.75) (layer F.CrtYd) (width 0.05))
    (fp_line (start 3.85 -2.75) (end -3.85 -2.75) (layer F.CrtYd) (width 0.05))
    (fp_text user %R (at 0 0) (layer F.Fab)
      (effects (font (size 1 1) (thickness 0.15)))
    )
    (pad 1 smd roundrect (at -2.8625 -2.275) (size 1.475 0.4) (layers F.Cu F.Paste F.Mask) (roundrect_rratio 0.25)
      (net 21 "Net-(C2-Pad1)"))
    (pad 2 smd roundrect (at -2.8625 -1.625) (size 1.475 0.4) (layers F.Cu F.Paste F.Mask) (roundrect_rratio 0.25)
      (net 20 VCC))
    (pad 3 smd roundrect (at -2.8625 -0.975) (size 1.475 0.4) (layers F.Cu F.Paste F.Mask) (roundrect_rratio 0.25)
      (net 16 VDD))
    (pad 4 smd roundrect (at -2.8625 -0.325) (size 1.475 0.4) (layers F.Cu F.Paste F.Mask) (roundrect_rratio 0.25)
      (net 17 "Net-(C10-Pad1)"))
    (pad 5 smd roundrect (at -2.8625 0.325) (size 1.475 0.4) (layers F.Cu F.Paste F.Mask) (roundrect_rratio 0.25)
      (net 1 GND))
    (pad 6 smd roundrect (at -2.8625 0.975) (size 1.475 0.4) (layers F.Cu F.Paste F.Mask) (roundrect_rratio 0.25)
      (net 49 /Sheet61C59086/MCLK))
    (pad 7 smd roundrect (at -2.8625 1.625) (size 1.475 0.4) (layers F.Cu F.Paste F.Mask) (roundrect_rratio 0.25)
      (net 79 "Net-(U2-Pad7)"))
